x	   E(x)	
0.000	   21.39730
0.047	   21.39683
0.094	   21.39541
0.141	   21.39305
0.188	   21.38974
0.235	   21.38531
0.282	   21.37996
0.329	   21.37363
0.376	   21.36633
0.423	   21.35771
0.470	   21.34845
0.517	   21.33821
0.564	   21.32699
0.611	   21.31464
0.658	   21.30147
0.705	   21.28731
0.752	   21.27218
0.799	   21.25606
0.846	   21.23877
0.893	   21.22068
0.940	   21.20160
0.987	   21.18154
1.034	   21.16024
1.081	   21.13820
1.128	   21.11516
1.175	   21.09112
1.222	   21.06580
1.269	   21.03977
1.316	   21.01274
1.363	   20.98470
1.410	   20.95532
1.457	   20.92527
1.504	   20.89421
1.551	   20.86214
1.598	   20.82905
1.645	   20.79456
1.692	   20.75944
1.739	   20.72329
1.786	   20.68612
1.833	   20.64749
1.880	   20.60826
1.927	   20.56799
1.974	   20.52669
2.021	   20.48387
2.068	   20.44048
2.115	   20.39605
2.162	   20.35057
2.209	   20.30352
2.256	   20.25593
2.303	   20.20728
2.350	   20.15757
2.397	   20.10679
2.444	   20.05439
2.491	   20.00147
2.538	   19.94747
2.585	   19.89240
2.632	   19.83564
2.679	   19.77839
2.726	   19.72005
2.773	   19.66062
2.820	   19.59945
2.867	   19.53782
2.914	   19.47507
2.961	   19.41122
3.008	   19.34558
3.055	   19.27950
3.102	   19.21229
3.149	   19.14395
3.196	   19.07449
3.243	   19.00319
3.290	   18.93145
3.337	   18.85857
3.384	   18.78455
3.431	   18.70864
3.478	   18.63231
3.525	   18.55482
3.572	   18.47617
3.619	   18.39559
3.666	   18.31461
3.713	   18.23245
3.760	   18.14911
3.807	   18.06380
3.854	   17.97810
3.901	   17.89120
3.948	   17.80311
3.995	   17.71383
4.042	   17.62254
4.089	   17.53085
4.136	   17.43795
4.183	   17.34384
4.230	   17.24771
4.277	   17.15116
4.324	   17.05339
4.371	   16.95440
4.418	   16.85338
4.465	   16.75193
4.512	   16.64924
4.559	   16.54532
4.606	   16.43936
4.653	   16.33296
4.700	   16.22531
4.747	   16.11642
4.794	   16.00628
4.841	   15.89410
4.888	   15.78145
4.935	   15.66755
4.982	   15.55240
5.029	   15.43521
5.076	   15.31754
5.123	   15.19861
5.170	   15.07842
5.217	   14.95623
5.264	   14.83352
5.311	   14.70954
5.358	   14.58430
5.405	   14.45710
5.452	   14.32934
5.499	   14.20032
5.546	   14.07004
5.593	   13.93850
5.640	   13.80504
5.687	   13.67099
5.734	   13.53569
5.781	   13.39913
5.828	   13.26072
5.875	   13.12167
5.922	   12.98137
5.969	   12.83984
6.016	   12.69653
6.063	   12.55252
6.110	   12.40729
6.157	   12.26084
6.204	   12.11316
6.251	   11.96382
6.298	   11.81372
6.345	   11.66243
6.392	   11.50994
6.439	   11.35588
6.486	   11.20102
6.533	   11.04500
6.580	   10.88780
6.627	   10.72915
6.674	   10.56965
6.721	   10.40901
6.768	   10.24724
6.815	   10.08415
6.862	    9.92014
6.909	    9.75504
6.956	    9.58886
7.003	    9.42158
7.050	    9.25316
7.097	    9.08377
7.144	    8.91335
7.191	    8.74190
7.238	    8.56944
7.285	    8.39598
7.332	    8.22154
7.379	    8.04612
7.426	    7.86986
7.473	    7.69254
7.520	    7.51432
7.567	    7.33518
7.614	    7.15537
7.661	    6.97446
7.708	    6.79271
7.755	    6.61012
7.802	    6.42670
7.849	    6.24281
7.896	    6.05783
7.943	    5.87209
7.990	    5.68560
8.037	    5.49881
8.084	    5.31090
8.131	    5.12233
8.178	    4.93309
8.225	    4.74372
8.272	    4.55323
8.319	    4.36217
8.366	    4.17054
8.413	    3.97895
8.460	    3.78623
8.507	    3.59304
8.554	    3.39938
8.601	    3.20525
8.648	    3.01137
8.695	    2.81644
8.742	    2.62114
8.789	    2.42547
8.836	    2.23020
8.883	    2.03392
8.930	    1.83738
8.977	    1.64058
9.024	    1.44430
9.071	    1.24708
9.118	    1.04972
9.165	    0.85220
9.212	    0.65534
9.259	    0.45760
9.306	    0.25982
9.353	    0.06201
9.400	   -0.13584
9.447	   -0.33287
9.494	   -0.53064
9.541	   -0.72832
9.588	   -0.92593
9.635	   -1.12265
9.682	   -1.31997
9.729	   -1.51711
9.776	   -1.71405
9.823	   -1.91004
9.870	   -2.10651
9.917	   -2.30268
9.964	   -2.49855
10.011	   -2.69341
10.058	   -2.88861
10.105	   -3.08341
10.152	   -3.27780
10.199	   -3.47178
10.246	   -3.66466
10.293	   -3.85769
10.340	   -4.05021
10.387	   -4.24222
10.434	   -4.43311
10.481	   -4.62399
10.528	   -4.81426
10.575	   -5.00392
10.622	   -5.19247
10.669	   -5.38083
10.716	   -5.56849
10.763	   -5.75546
10.810	   -5.94131
10.857	   -6.12682
10.904	   -6.31154
10.951	   -6.49548
10.998	   -6.67863
11.045	   -6.86066
11.092	   -7.04213
11.139	   -7.22273
11.186	   -7.40247
11.233	   -7.58113
11.280	   -7.75905
11.327	   -7.93605
11.374	   -8.11210
11.421	   -8.28712
11.468	   -8.46124
11.515	   -8.63437
11.562	   -8.80649
11.609	   -8.97762
11.656	   -9.14771
11.703	   -9.31674
11.750	   -9.48471
11.797	   -9.65162
11.844	   -9.81758
11.891	   -9.98231
11.938	  -10.14593
11.985	  -10.30845
12.032	  -10.47008
12.079	  -10.63034
12.126	  -10.78945
12.173	  -10.94742
12.220	  -11.10455
12.267	  -11.26019
12.314	  -11.41465
12.361	  -11.56792
12.408	  -11.72002
12.455	  -11.87131
12.502	  -12.02100
12.549	  -12.16948
12.596	  -12.31674
12.643	  -12.46327
12.690	  -12.60809
12.737	  -12.75168
12.784	  -12.89404
12.831	  -13.03571
12.878	  -13.17559
12.925	  -13.31422
12.972	  -13.45161
13.019	  -13.58836
13.066	  -13.72325
13.113	  -13.85688
13.160	  -13.98925
13.207	  -14.12036
13.254	  -14.25089
13.301	  -14.37949
13.348	  -14.50682
13.395	  -14.63289
13.442	  -14.75842
13.489	  -14.88197
13.536	  -15.00425
13.583	  -15.12528
13.630	  -15.24579
13.677	  -15.36430
13.724	  -15.48154
13.771	  -15.59753
13.818	  -15.71304
13.865	  -15.82651
13.912	  -15.93873
13.959	  -16.04970
14.006	  -16.15941
14.053	  -16.26868
14.100	  -16.37590
14.147	  -16.48188
14.194	  -16.58662
14.241	  -16.69092
14.288	  -16.79319
14.335	  -16.89422
14.382	  -16.99402
14.429	  -17.09340
14.476	  -17.19075
14.523	  -17.28688
14.570	  -17.38179
14.617	  -17.47629
14.664	  -17.56878
14.711	  -17.66006
14.758	  -17.75014
14.805	  -17.83901
14.852	  -17.92749
14.899	  -18.01398
14.946	  -18.09928
14.993	  -18.18339
15.040	  -18.26710
15.087	  -18.34886
15.134	  -18.42945
15.181	  -18.50886
15.228	  -18.58787
15.275	  -18.66496
15.322	  -18.74089
15.369	  -18.81567
15.416	  -18.89002
15.463	  -18.96251
15.510	  -19.03386
15.557	  -19.10406
15.604	  -19.17313
15.651	  -19.24178
15.698	  -19.30860
15.745	  -19.37430
15.792	  -19.43888
15.839	  -19.50301
15.886	  -19.56537
15.933	  -19.62662
15.980	  -19.68677
16.027	  -19.74645
16.074	  -19.80441
16.121	  -19.86129
16.168	  -19.91707
16.215	  -19.97236
16.262	  -20.02598
16.309	  -20.07853
16.356	  -20.13000
16.403	  -20.18041
16.450	  -20.23029
16.497	  -20.27858
16.544	  -20.32580
16.591	  -20.37196
16.638	  -20.41758
16.685	  -20.46165
16.732	  -20.50467
16.779	  -20.54665
16.826	  -20.58805
16.873	  -20.62796
16.920	  -20.66683
16.967	  -20.70467
17.014	  -20.74190
17.061	  -20.77769
17.108	  -20.81246
17.155	  -20.84620
17.202	  -20.87893
17.249	  -20.91102
17.296	  -20.94172
17.343	  -20.97142
17.390	  -21.00011
17.437	  -21.02811
17.484	  -21.05479
17.531	  -21.08047
17.578	  -21.10515
17.625	  -21.12910
17.672	  -21.15179
17.719	  -21.17349
17.766	  -21.19419
17.813	  -21.21390
17.860	  -21.23285
17.907	  -21.25059
17.954	  -21.26734
18.001	  -21.28310
18.048	  -21.29807
18.095	  -21.31187
18.142	  -21.32469
18.189	  -21.33653
18.236	  -21.34752
18.283	  -21.35741
18.330	  -21.36631
18.377	  -21.37424
18.424	  -21.38128
18.471	  -21.38726
18.518	  -21.39226
18.565	  -21.39629
18.612	  -21.39935
18.659	  -21.40146
18.706	  -21.40257
18.753	  -21.40271
18.800	  -21.40186
18.847	  -21.40003
18.894	  -21.39725
18.941	  -21.39349
18.988	  -21.38875
19.035	  -21.38298
19.082	  -21.37629
19.129	  -21.36863
19.176	  -21.36000
19.223	  -21.35026
19.270	  -21.33968
19.317	  -21.32811
19.364	  -21.31556
19.411	  -21.30202
19.458	  -21.28735
19.505	  -21.27186
19.552	  -21.25538
19.599	  -21.23791
19.646	  -21.21925
19.693	  -21.19981
19.740	  -21.17938
19.787	  -21.15796
19.834	  -21.13528
19.881	  -21.11188
19.928	  -21.08748
19.975	  -21.06207
20.022	  -21.03536
20.069	  -21.00795
20.116	  -20.97954
20.163	  -20.95012
20.210	  -20.91970
20.257	  -20.88790
20.304	  -20.85545
20.351	  -20.82198
20.398	  -20.78750
20.445	  -20.75158
20.492	  -20.71505
20.539	  -20.67749
20.586	  -20.63890
20.633	  -20.59883
20.680	  -20.55818
20.727	  -20.51648
20.774	  -20.47375
20.821	  -20.42947
20.868	  -20.38465
20.915	  -20.33877
20.962	  -20.29183
21.009	  -20.24384
21.056	  -20.19425
21.103	  -20.14414
21.150	  -20.09295
21.197	  -20.04070
21.244	  -19.98679
21.291	  -19.93239
21.338	  -19.87689
21.385	  -19.82032
21.432	  -19.76204
21.479	  -19.70328
21.526	  -19.64342
21.573	  -19.58247
21.620	  -19.51975
21.667	  -19.45659
21.714	  -19.39230
21.761	  -19.32690
21.808	  -19.26039
21.855	  -19.19206
21.902	  -19.12328
21.949	  -19.05338
21.996	  -18.98234
22.043	  -18.90944
22.090	  -18.83612
22.137	  -18.76164
22.184	  -18.68602
22.231	  -18.60849
22.278	  -18.53055
22.325	  -18.45144
22.372	  -18.37116
22.419	  -18.28894
22.466	  -18.20632
22.513	  -18.12252
22.560	  -18.03753
22.607	  -17.95135
22.654	  -17.86319
22.701	  -17.77463
22.748	  -17.68486
22.795	  -17.59390
22.842	  -17.50092
22.889	  -17.40754
22.936	  -17.31294
22.983	  -17.21713
23.030	  -17.11928
23.077	  -17.02103
23.124	  -16.92154
23.171	  -16.82082
23.218	  -16.71807
23.265	  -16.61489
23.312	  -16.51046
23.359	  -16.40480
23.406	  -16.29789
23.453	  -16.18894
23.500	  -16.07953
23.547	  -15.96888
23.594	  -15.85697
23.641	  -15.74303
23.688	  -15.62861
23.735	  -15.51294
23.782	  -15.39600
23.829	  -15.27705
23.876	  -15.15760
23.923	  -15.03688
23.970	  -14.91490
24.017	  -14.79166
24.064	  -14.66642
24.111	  -14.54065
24.158	  -14.41362
24.205	  -14.28533
24.252	  -14.15508
24.299	  -14.02427
24.346	  -13.89219
24.393	  -13.75885
24.440	  -13.62363
24.487	  -13.48778
24.534	  -13.35068
24.581	  -13.21233
24.628	  -13.07216
24.675	  -12.93132
24.722	  -12.78924
24.769	  -12.64593
24.816	  -12.50138
24.863	  -12.35509
24.910	  -12.20810
24.957	  -12.05988
25.004	  -11.91045
25.051	  -11.75938
25.098	  -11.60754
25.145	  -11.45451
25.192	  -11.30029
25.239	  -11.14454
25.286	  -10.98797
25.333	  -10.83024
25.380	  -10.67134
25.427	  -10.51105
25.474	  -10.34986
25.521	  -10.18756
25.568	  -10.02413
25.615	   -9.85959
25.662	   -9.69380
25.709	   -9.52708
25.756	   -9.35929
25.803	   -9.19043
25.850	   -9.02046
25.897	   -8.84952
25.944	   -8.67755
25.991	   -8.50457
26.038	   -8.33064
26.085	   -8.15567
26.132	   -7.97975
26.179	   -7.80288
26.226	   -7.62522
26.273	   -7.44647
26.320	   -7.26684
26.367	   -7.08632
26.414	   -6.90492
26.461	   -6.72293
26.508	   -6.53986
26.555	   -6.35598
26.602	   -6.17129
26.649	   -5.98618
26.696	   -5.79996
26.743	   -5.61302
26.790	   -5.42535
26.837	   -5.23744
26.884	   -5.04840
26.931	   -4.85873
26.978	   -4.66842
27.025	   -4.47803
27.072	   -4.28651
27.119	   -4.09445
27.166	   -3.90186
27.213	   -3.70872
27.260	   -3.51572
27.307	   -3.32165
27.354	   -3.12714
27.401	   -2.93219
27.448	   -2.73753
27.495	   -2.54183
27.542	   -2.34579
27.589	   -2.14943
27.636	   -1.95349
27.683	   -1.75656
27.730	   -1.55941
27.777	   -1.36204
27.824	   -1.16522
27.871	   -0.96747
27.918	   -0.76962
27.965	   -0.57165
28.012	   -0.37357
28.059	   -0.17622
28.106	    0.02192
28.153	    0.22006
28.200	    0.41820
28.247	    0.61552
28.294	    0.81353
28.341	    1.01142
28.388	    1.20920
28.435	    1.40608
28.482	    1.60353
28.529	    1.80076
28.576	    1.99775
28.623	    2.19378
28.670	    2.39027
28.717	    2.58641
28.764	    2.78222
28.811	    2.97769
28.858	    3.17210
28.905	    3.36676
28.952	    3.56098
28.999	    3.75476
29.046	    3.94746
29.093	    4.14024
29.140	    4.33249
29.187	    4.52419
29.234	    4.71480
29.281	    4.90534
29.328	    5.09524
29.375	    5.28451
29.422	    5.47313
29.469	    5.66062
29.516	    5.84783
29.563	    6.03431
29.610	    6.22006
29.657	    6.40471
29.704	    6.58890
29.751	    6.77228
29.798	    6.95485
29.845	    7.13635
29.892	    7.31723
29.939	    7.49721
29.986	    7.67631
30.033	    7.85438
30.080	    8.03166
30.127	    8.20798
30.174	    8.38335
30.221	    8.55776
30.268	    8.73115
30.315	    8.90357
30.362	    9.07496
30.409	    9.24535
30.456	    9.41478
30.503	    9.58307
30.550	    9.75029
30.597	    9.91644
30.644	   10.08170
30.691	   10.24568
30.738	   10.40854
30.785	   10.57029
30.832	   10.73120
30.879	   10.89070
30.926	   11.04905
30.973	   11.20624
31.020	   11.36229
31.067	   11.51754
31.114	   11.67124
31.161	   11.82376
31.208	   11.97510
31.255	   12.12571
31.302	   12.27466
31.349	   12.42240
31.396	   12.56894
31.443	   12.71481
31.490	   12.85892
31.537	   13.00181
31.584	   13.14347
31.631	   13.28452
31.678	   13.42374
31.725	   13.56171
31.772	   13.69846
31.819	   13.83397
31.866	   13.96890
31.913	   14.10193
31.960	   14.23372
32.007	   14.36427
32.054	   14.49430
32.101	   14.62236
32.148	   14.74918
32.195	   14.87475
32.242	   14.99985
32.289	   15.12294
32.336	   15.24479
32.383	   15.36540
32.430	   15.48557
32.477	   15.60370
32.524	   15.72060
32.571	   15.83626
32.618	   15.95069
32.665	   16.06471
32.712	   16.17668
32.759	   16.28743
32.806	   16.39695
32.853	   16.50609
32.900	   16.61317
32.947	   16.71904
32.994	   16.82369
33.041	   16.92799
33.088	   17.03023
33.135	   17.13127
33.182	   17.23111
33.229	   17.33060
33.276	   17.42805
33.323	   17.52432
33.370	   17.61941
33.417	   17.71331
33.464	   17.80688
33.511	   17.89844
33.558	   17.98883
33.605	   18.07805
33.652	   18.16696
33.699	   18.25387
33.746	   18.33964
33.793	   18.42426
33.840	   18.50855
33.887	   18.59090
33.934	   18.67211
33.981	   18.75219
34.028	   18.83195
34.075	   18.90979
34.122	   18.98652
34.169	   19.06214
34.216	   19.13666
34.263	   19.21086
34.310	   19.28318
34.357	   19.35442
34.404	   19.42456
34.451	   19.49438
34.498	   19.56238
34.545	   19.62930
34.592	   19.69516
34.639	   19.76067
34.686	   19.82441
34.733	   19.88710
34.780	   19.94874
34.827	   20.01003
34.874	   20.06958
34.921	   20.12811
34.968	   20.18561
35.015	   20.24207
35.062	   20.29819
35.109	   20.35263
35.156	   20.40605
35.203	   20.45847
35.250	   20.51051
35.297	   20.56093
35.344	   20.61036
35.391	   20.65880
35.438	   20.70684
35.485	   20.75332
35.532	   20.79882
35.579	   20.84334
35.626	   20.88689
35.673	   20.93004
35.720	   20.97168
35.767	   21.01236
35.814	   21.05208
35.861	   21.09138
35.908	   21.12922
35.955	   21.16612
36.002	   21.20207
36.049	   21.23758
36.096	   21.27168
36.143	   21.30485
36.190	   21.33710
36.237	   21.36888
36.284	   21.39930
36.331	   21.42881
36.378	   21.45741
36.425	   21.48510
36.472	   21.51231
36.519	   21.53821
36.566	   21.56321
36.613	   21.58732
36.660	   21.61092
36.707	   21.63326
36.754	   21.65473
36.801	   21.67531
36.848	   21.69534
36.895	   21.71418
36.942	   21.73215
36.989	   21.74924
37.036	   21.76577
37.083	   21.78114
37.130	   21.79566
37.177	   21.80932
37.224	   21.82211
37.271	   21.83434
37.318	   21.84544
37.365	   21.85570
37.412	   21.86512
37.459	   21.87392
37.506	   21.88166
37.553	   21.88857
37.600	   21.89463
37.647	   21.90007
37.694	   21.90448
37.741	   21.90806
37.788	   21.91082
37.835	   21.91291
37.882	   21.91403
37.929	   21.91433
37.976	   21.91380
38.023	   21.91246
38.070	   21.91045
38.117	   21.90750
38.164	   21.90373
38.211	   21.89915
38.258	   21.89388
38.305	   21.88770
38.352	   21.88072
38.399	   21.87294
38.446	   21.86443
38.493	   21.85506
38.540	   21.84489
38.587	   21.83393
38.634	   21.82222
38.681	   21.80968
38.728	   21.79635
38.775	   21.78223
38.822	   21.76732
38.869	   21.75167
38.916	   21.73520
38.963	   21.71795
39.010	   21.69993
39.057	   21.68112
39.104	   21.66155
39.151	   21.64120
39.198	   21.62007
39.245	   21.59815
39.292	   21.57549
39.339	   21.55205
39.386	   21.52785
39.433	   21.50284
39.480	   21.47711
39.527	   21.45062
39.574	   21.42336
39.621	   21.39534
39.668	   21.36651
39.715	   21.33698
39.762	   21.30670
39.809	   21.27565
39.856	   21.24378
39.903	   21.21124
39.950	   21.17795
39.997	   21.14390
40.044	   21.10902
40.091	   21.07349
40.138	   21.03721
40.185	   21.00019
40.232	   20.96233
40.279	   20.92383
40.326	   20.88460
40.373	   20.84462
40.420	   20.80391
40.467	   20.76236
40.514	   20.72020
40.561	   20.67730
40.608	   20.63367
40.655	   20.58920
40.702	   20.54413
40.749	   20.49834
40.796	   20.45183
40.843	   20.40447
40.890	   20.35653
40.937	   20.30787
40.984	   20.25850
41.031	   20.20829
41.078	   20.15751
41.125	   20.10602
41.172	   20.05383
41.219	   20.00093
41.266	   19.94722
41.313	   19.89294
41.360	   19.83797
41.407	   19.78230
41.454	   19.72583
41.501	   19.66880
41.548	   19.61109
41.595	   19.55270
41.642	   19.49352
41.689	   19.43378
41.736	   19.37338
41.783	   19.31231
41.830	   19.25057
41.877	   19.18808
41.924	   19.12504
41.971	   19.06135
42.018	   18.99700
42.065	   18.93192
42.112	   18.86630
42.159	   18.80004
42.206	   18.73315
42.253	   18.66555
42.300	   18.59741
42.347	   18.52866
42.394	   18.45928
42.441	   18.38924
42.488	   18.31865
42.535	   18.24747
42.582	   18.17569
42.629	   18.10331
42.676	   18.03032
42.723	   17.95679
42.770	   17.88269
42.817	   17.80801
42.864	   17.73276
42.911	   17.65697
42.958	   17.58063
43.005	   17.50374
43.052	   17.42633
43.099	   17.34837
43.146	   17.26989
43.193	   17.19089
43.240	   17.11142
43.287	   17.03140
43.334	   16.95088
43.381	   16.86988
43.428	   16.78838
43.475	   16.70648
43.522	   16.62405
43.569	   16.54115
43.616	   16.45779
43.663	   16.37409
43.710	   16.28986
43.757	   16.20519
43.804	   16.12011
43.851	   16.03473
43.898	   15.94882
43.945	   15.86252
43.992	   15.77584
44.039	   15.68892
44.086	   15.60148
44.133	   15.51369
44.180	   15.42554
44.227	   15.33705
44.274	   15.24841
44.321	   15.15927
44.368	   15.06981
44.415	   14.98005
44.462	   14.89020
44.509	   14.79986
44.556	   14.70926
44.603	   14.61839
44.650	   14.52748
44.697	   14.43611
44.744	   14.34452
44.791	   14.25270
44.838	   14.16091
44.885	   14.06867
44.932	   13.97626
44.979	   13.88366
45.026	   13.79089
45.073	   13.69822
45.120	   13.60516
45.167	   13.51196
45.214	   13.41863
45.261	   13.32545
45.308	   13.23191
45.355	   13.13829
45.402	   13.04458
45.449	   12.95108
45.496	   12.85724
45.543	   12.76337
45.590	   12.66946
45.637	   12.57580
45.684	   12.48185
45.731	   12.38792
45.778	   12.29399
45.825	   12.20007
45.872	   12.10647
45.919	   12.01265
45.966	   11.91888
46.013	   11.82517
46.060	   11.73180
46.107	   11.63827
46.154	   11.54484
46.201	   11.45152
46.248	   11.35856
46.295	   11.26550
46.342	   11.17258
46.389	   11.07982
46.436	   10.98744
46.483	   10.89501
46.530	   10.80278
46.577	   10.71074
46.624	   10.61890
46.671	   10.52748
46.718	   10.43609
46.765	   10.34494
46.812	   10.25403
46.859	   10.16354
46.906	   10.07316
46.953	    9.98305
47.000	    9.89323
